+---+---------+-------+--------------------+
| n |    Fn   |   X   |         Pn         |
+---+---------+-------+--------------------+
| 0 | 1.02316 | 0.103 | 1.0231600000000003 |
| 1 |  1.0959 | 0.126 |       1.0959       |
| 2 | 1.14725 | 0.155 |      1.14725       |
| 3 | 1.21483 | 0.115 |      1.21483       |
| 4 | 1.21483 | 0.204 | 1.2148299999999999 |
| 5 | 1.40976 | 0.301 |      1.40976       |
+---+---------+-------+--------------------+
+-------------------------------------+
|                  Xn                 |
+-------------------------------------+
| [0.02, 0.08, 0.12, 0.17, 0.23, 0.3] |
+-------------------------------------+
