+---+--------------------+-------+--------------------+
| n |         Fn         |   X   |         Pn         |
+---+--------------------+-------+--------------------+
| 0 | 0.8414709848078965 |  1.0  | 0.8414709848078965 |
| 1 | 0.8912073600614354 | 1.051 | 0.8912073600614343 |
| 2 | 0.9320390859672264 | 1.178 | 0.9320390859672267 |
| 3 | 0.9635581854171931 | 1.234 | 0.9635581854171928 |
| 4 | 0.9854497299884603 |  1.39 | 0.9854497299884603 |
| 5 | 0.9974949866040544 |  1.48 | 0.9974949866040544 |
| 6 | 0.9995736030415051 | 1.539 | 0.9995736030415049 |
| 7 | 0.9916648104524686 | 1.674 | 0.9916648104524688 |
| 8 | 0.973847630878195  | 1.773 | 0.973847630878195  |
| 9 | 0.9463000876874142 | 1.899 | 0.9463000876874142 |
+---+--------------------+-------+--------------------+
+----------------------------------------------------+
|                         Xn                         |
+----------------------------------------------------+
| [1.0, 1.1, 1.2, 1.3, 1.4, 1.5, 1.6, 1.7, 1.8, 1.9] |
+----------------------------------------------------+
